0000000000 00000000 11111111
0000000001 00000000 11111111
0000000010 00000000 11111111
0000000011 00000000 11111111
0000000100 00000000 11111111
0000000101 00000000 11111111
0000000110 00000000 11111111
0000000111 00000000 11111111
0000001000 00000000 11111111
0000001001 00000000 11111111
0000001010 00000000 11111111
0000001011 00000000 11111111
0000001100 00000000 11111111
0000001101 00000000 11111111
0000001110 00000000 11111111
0000001111 00000000 11111111
0000010000 00000001 11111111
0000010001 00000010 11111111
0000010010 00000100 11111111
0000010011 00001000 11111111
0000010100 00010000 11111111
0000010101 00100000 11111111
0000010110 01000000 11111111
0000010111 10000000 11111111
0000011000 00000001 11111111
0000011001 00000000 11111111
0000011010 00000000 11111111
0000011011 00000000 11111111
0000011100 00000000 11111111
0000011101 00000000 11111111
0000011110 00000000 11111111
0000011111 00000000 11111111
0000100000 00000010 11111111
0000100001 00000100 11111111
0000100010 00001000 11111111
0000100011 00010000 11111111
0000100100 00100000 11111111
0000100101 01000000 11111111
0000100110 10000000 11111111
0000100111 00000000 11111111
0000101000 00000010 11111111
0000101001 00000001 11111111
0000101010 00000000 11111111
0000101011 00000000 11111111
0000101100 00000000 11111111
0000101101 00000000 11111111
0000101110 00000000 11111111
0000101111 00000000 11111111
0000110000 00000011 11111111
0000110001 00000110 11111111
0000110010 00001100 11111111
0000110011 00011000 11111111
0000110100 00110000 11111111
0000110101 01100000 11111111
0000110110 11000000 11111111
0000110111 10000000 11111111
0000111000 00000011 11111111
0000111001 00000001 11111111
0000111010 00000000 11111111
0000111011 00000000 11111111
0000111100 00000000 11111111
0000111101 00000000 11111111
0000111110 00000000 11111111
0000111111 00000000 11111111
0001000000 00000100 11111111
0001000001 00001000 11111111
0001000010 00010000 11111111
0001000011 00100000 11111111
0001000100 01000000 11111111
0001000101 10000000 11111111
0001000110 00000000 11111111
0001000111 00000000 11111111
0001001000 00000100 11111111
0001001001 00000010 11111111
0001001010 00000001 11111111
0001001011 00000000 11111111
0001001100 00000000 11111111
0001001101 00000000 11111111
0001001110 00000000 11111111
0001001111 00000000 11111111
0001010000 00000101 11111111
0001010001 00001010 11111111
0001010010 00010100 11111111
0001010011 00101000 11111111
0001010100 01010000 11111111
0001010101 10100000 11111111
0001010110 01000000 11111111
0001010111 10000000 11111111
0001011000 00000101 11111111
0001011001 00000010 11111111
0001011010 00000001 11111111
0001011011 00000000 11111111
0001011100 00000000 11111111
0001011101 00000000 11111111
0001011110 00000000 11111111
0001011111 00000000 11111111
0001100000 00000110 11111111
0001100001 00001100 11111111
0001100010 00011000 11111111
0001100011 00110000 11111111
0001100100 01100000 11111111
0001100101 11000000 11111111
0001100110 10000000 11111111
0001100111 00000000 11111111
0001101000 00000110 11111111
0001101001 00000011 11111111
0001101010 00000001 11111111
0001101011 00000000 11111111
0001101100 00000000 11111111
0001101101 00000000 11111111
0001101110 00000000 11111111
0001101111 00000000 11111111
0001110000 00000111 11111111
0001110001 00001110 11111111
0001110010 00011100 11111111
0001110011 00111000 11111111
0001110100 01110000 11111111
0001110101 11100000 11111111
0001110110 11000000 11111111
0001110111 10000000 11111111
0001111000 00000111 11111111
0001111001 00000011 11111111
0001111010 00000001 11111111
0001111011 00000000 11111111
0001111100 00000000 11111111
0001111101 00000000 11111111
0001111110 00000000 11111111
0001111111 00000000 11111111
0010000000 00001000 11111111
0010000001 00010000 11111111
0010000010 00100000 11111111
0010000011 01000000 11111111
0010000100 10000000 11111111
0010000101 00000000 11111111
0010000110 00000000 11111111
0010000111 00000000 11111111
0010001000 00001000 11111111
0010001001 00000100 11111111
0010001010 00000010 11111111
0010001011 00000001 11111111
0010001100 00000000 11111111
0010001101 00000000 11111111
0010001110 00000000 11111111
0010001111 00000000 11111111
0010010000 00001001 11111111
0010010001 00010010 11111111
0010010010 00100100 11111111
0010010011 01001000 11111111
0010010100 10010000 11111111
0010010101 00100000 11111111
0010010110 01000000 11111111
0010010111 10000000 11111111
0010011000 00001001 11111111
0010011001 00000100 11111111
0010011010 00000010 11111111
0010011011 00000001 11111111
0010011100 00000000 11111111
0010011101 00000000 11111111
0010011110 00000000 11111111
0010011111 00000000 11111111
0010100000 00001010 11111111
0010100001 00010100 11111111
0010100010 00101000 11111111
0010100011 01010000 11111111
0010100100 10100000 11111111
0010100101 01000000 11111111
0010100110 10000000 11111111
0010100111 00000000 11111111
0010101000 00001010 11111111
0010101001 00000101 11111111
0010101010 00000010 11111111
0010101011 00000001 11111111
0010101100 00000000 11111111
0010101101 00000000 11111111
0010101110 00000000 11111111
0010101111 00000000 11111111
0010110000 00001011 11111111
0010110001 00010110 11111111
0010110010 00101100 11111111
0010110011 01011000 11111111
0010110100 10110000 11111111
0010110101 01100000 11111111
0010110110 11000000 11111111
0010110111 10000000 11111111
0010111000 00001011 11111111
0010111001 00000101 11111111
0010111010 00000010 11111111
0010111011 00000001 11111111
0010111100 00000000 11111111
0010111101 00000000 11111111
0010111110 00000000 11111111
0010111111 00000000 11111111
0011000000 00001100 11111111
0011000001 00011000 11111111
0011000010 00110000 11111111
0011000011 01100000 11111111
0011000100 11000000 11111111
0011000101 10000000 11111111
0011000110 00000000 11111111
0011000111 00000000 11111111
0011001000 00001100 11111111
0011001001 00000110 11111111
0011001010 00000011 11111111
0011001011 00000001 11111111
0011001100 00000000 11111111
0011001101 00000000 11111111
0011001110 00000000 11111111
0011001111 00000000 11111111
0011010000 00001101 11111111
0011010001 00011010 11111111
0011010010 00110100 11111111
0011010011 01101000 11111111
0011010100 11010000 11111111
0011010101 10100000 11111111
0011010110 01000000 11111111
0011010111 10000000 11111111
0011011000 00001101 11111111
0011011001 00000110 11111111
0011011010 00000011 11111111
0011011011 00000001 11111111
0011011100 00000000 11111111
0011011101 00000000 11111111
0011011110 00000000 11111111
0011011111 00000000 11111111
0011100000 00001110 11111111
0011100001 00011100 11111111
0011100010 00111000 11111111
0011100011 01110000 11111111
0011100100 11100000 11111111
0011100101 11000000 11111111
0011100110 10000000 11111111
0011100111 00000000 11111111
0011101000 00001110 11111111
0011101001 00000111 11111111
0011101010 00000011 11111111
0011101011 00000001 11111111
0011101100 00000000 11111111
0011101101 00000000 11111111
0011101110 00000000 11111111
0011101111 00000000 11111111
0011110000 00001111 11111111
0011110001 00011110 11111111
0011110010 00111100 11111111
0011110011 01111000 11111111
0011110100 11110000 11111111
0011110101 11100000 11111111
0011110110 11000000 11111111
0011110111 10000000 11111111
0011111000 00001111 11111111
0011111001 00000111 11111111
0011111010 00000011 11111111
0011111011 00000001 11111111
0011111100 00000000 11111111
0011111101 00000000 11111111
0011111110 00000000 11111111
0011111111 00000000 11111111
0100000000 00000000 11111111
0100000001 11111111 11111111
0100000010 11111110 11111111
0100000011 11111101 11111111
0100000100 11111100 11111111
0100000101 11111011 11111111
0100000110 11111010 11111111
0100000111 11111001 11111111
0100001000 11111000 11111111
0100001001 11110111 11111111
0100001010 11110110 11111111
0100001011 11110101 11111111
0100001100 11110100 11111111
0100001101 11110011 11111111
0100001110 11110010 11111111
0100001111 11110001 11111111
0100010000 11110000 11111111
0100010001 11101111 11111111
0100010010 11101110 11111111
0100010011 11101101 11111111
0100010100 11101100 11111111
0100010101 11101011 11111111
0100010110 11101010 11111111
0100010111 11101001 11111111
0100011000 11101000 11111111
0100011001 11100111 11111111
0100011010 11100110 11111111
0100011011 11100101 11111111
0100011100 11100100 11111111
0100011101 11100011 11111111
0100011110 11100010 11111111
0100011111 11100001 11111111
0100100000 11100000 11111111
0100100001 11011111 11111111
0100100010 11011110 11111111
0100100011 11011101 11111111
0100100100 11011100 11111111
0100100101 11011011 11111111
0100100110 11011010 11111111
0100100111 11011001 11111111
0100101000 11011000 11111111
0100101001 11010111 11111111
0100101010 11010110 11111111
0100101011 11010101 11111111
0100101100 11010100 11111111
0100101101 11010011 11111111
0100101110 11010010 11111111
0100101111 11010001 11111111
0100110000 11010000 11111111
0100110001 11001111 11111111
0100110010 11001110 11111111
0100110011 11001101 11111111
0100110100 11001100 11111111
0100110101 11001011 11111111
0100110110 11001010 11111111
0100110111 11001001 11111111
0100111000 11001000 11111111
0100111001 11000111 11111111
0100111010 11000110 11111111
0100111011 11000101 11111111
0100111100 11000100 11111111
0100111101 11000011 11111111
0100111110 11000010 11111111
0100111111 11000001 11111111
0101000000 11000000 11111111
0101000001 10111111 11111111
0101000010 10111110 11111111
0101000011 10111101 11111111
0101000100 10111100 11111111
0101000101 10111011 11111111
0101000110 10111010 11111111
0101000111 10111001 11111111
0101001000 10111000 11111111
0101001001 10110111 11111111
0101001010 10110110 11111111
0101001011 10110101 11111111
0101001100 10110100 11111111
0101001101 10110011 11111111
0101001110 10110010 11111111
0101001111 10110001 11111111
0101010000 10110000 11111111
0101010001 10101111 11111111
0101010010 10101110 11111111
0101010011 10101101 11111111
0101010100 10101100 11111111
0101010101 10101011 11111111
0101010110 10101010 11111111
0101010111 10101001 11111111
0101011000 10101000 11111111
0101011001 10100111 11111111
0101011010 10100110 11111111
0101011011 10100101 11111111
0101011100 10100100 11111111
0101011101 10100011 11111111
0101011110 10100010 11111111
0101011111 10100001 11111111
0101100000 10100000 11111111
0101100001 10011111 11111111
0101100010 10011110 11111111
0101100011 10011101 11111111
0101100100 10011100 11111111
0101100101 10011011 11111111
0101100110 10011010 11111111
0101100111 10011001 11111111
0101101000 10011000 11111111
0101101001 10010111 11111111
0101101010 10010110 11111111
0101101011 10010101 11111111
0101101100 10010100 11111111
0101101101 10010011 11111111
0101101110 10010010 11111111
0101101111 10010001 11111111
0101110000 10010000 11111111
0101110001 10001111 11111111
0101110010 10001110 11111111
0101110011 10001101 11111111
0101110100 10001100 11111111
0101110101 10001011 11111111
0101110110 10001010 11111111
0101110111 10001001 11111111
0101111000 10001000 11111111
0101111001 10000111 11111111
0101111010 10000110 11111111
0101111011 10000101 11111111
0101111100 10000100 11111111
0101111101 10000011 11111111
0101111110 10000010 11111111
0101111111 10000001 11111111
0110000000 10000000 11111111
0110000001 01111111 11111111
0110000010 01111110 11111111
0110000011 01111101 11111111
0110000100 01111100 11111111
0110000101 01111011 11111111
0110000110 01111010 11111111
0110000111 01111001 11111111
0110001000 01111000 11111111
0110001001 01110111 11111111
0110001010 01110110 11111111
0110001011 01110101 11111111
0110001100 01110100 11111111
0110001101 01110011 11111111
0110001110 01110010 11111111
0110001111 01110001 11111111
0110010000 01110000 11111111
0110010001 01101111 11111111
0110010010 01101110 11111111
0110010011 01101101 11111111
0110010100 01101100 11111111
0110010101 01101011 11111111
0110010110 01101010 11111111
0110010111 01101001 11111111
0110011000 01101000 11111111
0110011001 01100111 11111111
0110011010 01100110 11111111
0110011011 01100101 11111111
0110011100 01100100 11111111
0110011101 01100011 11111111
0110011110 01100010 11111111
0110011111 01100001 11111111
0110100000 01100000 11111111
0110100001 01011111 11111111
0110100010 01011110 11111111
0110100011 01011101 11111111
0110100100 01011100 11111111
0110100101 01011011 11111111
0110100110 01011010 11111111
0110100111 01011001 11111111
0110101000 01011000 11111111
0110101001 01010111 11111111
0110101010 01010110 11111111
0110101011 01010101 11111111
0110101100 01010100 11111111
0110101101 01010011 11111111
0110101110 01010010 11111111
0110101111 01010001 11111111
0110110000 01010000 11111111
0110110001 01001111 11111111
0110110010 01001110 11111111
0110110011 01001101 11111111
0110110100 01001100 11111111
0110110101 01001011 11111111
0110110110 01001010 11111111
0110110111 01001001 11111111
0110111000 01001000 11111111
0110111001 01000111 11111111
0110111010 01000110 11111111
0110111011 01000101 11111111
0110111100 01000100 11111111
0110111101 01000011 11111111
0110111110 01000010 11111111
0110111111 01000001 11111111
0111000000 01000000 11111111
0111000001 00111111 11111111
0111000010 00111110 11111111
0111000011 00111101 11111111
0111000100 00111100 11111111
0111000101 00111011 11111111
0111000110 00111010 11111111
0111000111 00111001 11111111
0111001000 00111000 11111111
0111001001 00110111 11111111
0111001010 00110110 11111111
0111001011 00110101 11111111
0111001100 00110100 11111111
0111001101 00110011 11111111
0111001110 00110010 11111111
0111001111 00110001 11111111
0111010000 00110000 11111111
0111010001 00101111 11111111
0111010010 00101110 11111111
0111010011 00101101 11111111
0111010100 00101100 11111111
0111010101 00101011 11111111
0111010110 00101010 11111111
0111010111 00101001 11111111
0111011000 00101000 11111111
0111011001 00100111 11111111
0111011010 00100110 11111111
0111011011 00100101 11111111
0111011100 00100100 11111111
0111011101 00100011 11111111
0111011110 00100010 11111111
0111011111 00100001 11111111
0111100000 00100000 11111111
0111100001 00011111 11111111
0111100010 00011110 11111111
0111100011 00011101 11111111
0111100100 00011100 11111111
0111100101 00011011 11111111
0111100110 00011010 11111111
0111100111 00011001 11111111
0111101000 00011000 11111111
0111101001 00010111 11111111
0111101010 00010110 11111111
0111101011 00010101 11111111
0111101100 00010100 11111111
0111101101 00010011 11111111
0111101110 00010010 11111111
0111101111 00010001 11111111
0111110000 00010000 11111111
0111110001 00001111 11111111
0111110010 00001110 11111111
0111110011 00001101 11111111
0111110100 00001100 11111111
0111110101 00001011 11111111
0111110110 00001010 11111111
0111110111 00001001 11111111
0111111000 00001000 11111111
0111111001 00000111 11111111
0111111010 00000110 11111111
0111111011 00000101 11111111
0111111100 00000100 11111111
0111111101 00000011 11111111
0111111110 00000010 11111111
0111111111 00000001 11111111
1000000000 00000000 11111111
1000000001 00000001 11111111
1000000010 00000010 11111111
1000000011 00000011 11111111
1000000100 00000100 11111111
1000000101 00000101 11111111
1000000110 00000110 11111111
1000000111 00000111 11111111
1000001000 00001000 11111111
1000001001 00001001 11111111
1000010000 00000001 11111111
1000010001 00000010 11111111
1000010010 00000011 11111111
1000010011 00000100 11111111
1000010100 00000101 11111111
1000010101 00000110 11111111
1000010110 00000111 11111111
1000010111 00001000 11111111
1000011000 00001001 11111111
1000011001 00010000 11111111
1000100000 00000010 11111111
1000100001 00000011 11111111
1000100010 00000100 11111111
1000100011 00000101 11111111
1000100100 00000110 11111111
1000100101 00000111 11111111
1000100110 00001000 11111111
1000100111 00001001 11111111
1000101000 00010000 11111111
1000101001 00010001 11111111
1000110000 00000011 11111111
1000110001 00000100 11111111
1000110010 00000101 11111111
1000110011 00000110 11111111
1000110100 00000111 11111111
1000110101 00001000 11111111
1000110110 00001001 11111111
1000110111 00010000 11111111
1000111000 00010001 11111111
1000111001 00010010 11111111
1001000000 00000100 11111111
1001000001 00000101 11111111
1001000010 00000110 11111111
1001000011 00000111 11111111
1001000100 00001000 11111111
1001000101 00001001 11111111
1001000110 00010000 11111111
1001000111 00010001 11111111
1001001000 00010010 11111111
1001001001 00010011 11111111
1001010000 00000101 11111111
1001010001 00000110 11111111
1001010010 00000111 11111111
1001010011 00001000 11111111
1001010100 00001001 11111111
1001010101 00010000 11111111
1001010110 00010001 11111111
1001010111 00010010 11111111
1001011000 00010011 11111111
1001011001 00010100 11111111
1001100000 00000110 11111111
1001100001 00000111 11111111
1001100010 00001000 11111111
1001100011 00001001 11111111
1001100100 00010000 11111111
1001100101 00010001 11111111
1001100110 00010010 11111111
1001100111 00010011 11111111
1001101000 00010100 11111111
1001101001 00010101 11111111
1001110000 00000111 11111111
1001110001 00001000 11111111
1001110010 00001001 11111111
1001110011 00010000 11111111
1001110100 00010001 11111111
1001110101 00010010 11111111
1001110110 00010011 11111111
1001110111 00010100 11111111
1001111000 00010101 11111111
1001111001 00010110 11111111
1010000000 00001000 11111111
1010000001 00001001 11111111
1010000010 00010000 11111111
1010000011 00010001 11111111
1010000100 00010010 11111111
1010000101 00010011 11111111
1010000110 00010100 11111111
1010000111 00010101 11111111
1010001000 00010110 11111111
1010001001 00010111 11111111
1010010000 00001001 11111111
1010010001 00010000 11111111
1010010010 00010001 11111111
1010010011 00010010 11111111
1010010100 00010011 11111111
1010010101 00010100 11111111
1010010110 00010101 11111111
1010010111 00010110 11111111
1010011000 00010111 11111111
1010011001 00011000 11111111
1100000000 00000000 11111111
1100000001 00000000 11111111
1100000010 00000000 11111111
1100000011 00000000 11111111
1100000100 00000000 11111111
1100000101 00000000 11111111
1100000110 00000000 11111111
1100000111 00000000 11111111
1100001000 00000000 11111111
1100001001 00000000 11111111
1100001010 00000000 11111111
1100001011 00000000 11111111
1100001100 00000000 11111111
1100001101 00000000 11111111
1100001110 00000000 11111111
1100001111 00000000 11111111
1100010000 00000000 11111111
1100010001 00000001 11111111
1100010010 00000010 11111111
1100010011 00000011 11111111
1100010100 00000100 11111111
1100010101 00000101 11111111
1100010110 00000110 11111111
1100010111 00000111 11111111
1100011000 00001000 11111111
1100011001 00001001 11111111
1100011010 00001010 11111111
1100011011 00001011 11111111
1100011100 00001100 11111111
1100011101 00001101 11111111
1100011110 00001110 11111111
1100011111 00001111 11111111
1100100000 00000000 11111111
1100100001 00000010 11111111
1100100010 00000100 11111111
1100100011 00000110 11111111
1100100100 00001000 11111111
1100100101 00001010 11111111
1100100110 00001100 11111111
1100100111 00001110 11111111
1100101000 00010000 11111111
1100101001 00010010 11111111
1100101010 00010100 11111111
1100101011 00010110 11111111
1100101100 00011000 11111111
1100101101 00011010 11111111
1100101110 00011100 11111111
1100101111 00011110 11111111
1100110000 00000000 11111111
1100110001 00000011 11111111
1100110010 00000110 11111111
1100110011 00001001 11111111
1100110100 00001100 11111111
1100110101 00001111 11111111
1100110110 00010010 11111111
1100110111 00010101 11111111
1100111000 00011000 11111111
1100111001 00011011 11111111
1100111010 00011110 11111111
1100111011 00100001 11111111
1100111100 00100100 11111111
1100111101 00100111 11111111
1100111110 00101010 11111111
1100111111 00101101 11111111
1101000000 00000000 11111111
1101000001 00000100 11111111
1101000010 00001000 11111111
1101000011 00001100 11111111
1101000100 00010000 11111111
1101000101 00010100 11111111
1101000110 00011000 11111111
1101000111 00011100 11111111
1101001000 00100000 11111111
1101001001 00100100 11111111
1101001010 00101000 11111111
1101001011 00101100 11111111
1101001100 00110000 11111111
1101001101 00110100 11111111
1101001110 00111000 11111111
1101001111 00111100 11111111
1101010000 00000000 11111111
1101010001 00000101 11111111
1101010010 00001010 11111111
1101010011 00001111 11111111
1101010100 00010100 11111111
1101010101 00011001 11111111
1101010110 00011110 11111111
1101010111 00100011 11111111
1101011000 00101000 11111111
1101011001 00101101 11111111
1101011010 00110010 11111111
1101011011 00110111 11111111
1101011100 00111100 11111111
1101011101 01000001 11111111
1101011110 01000110 11111111
1101011111 01001011 11111111
1101100000 00000000 11111111
1101100001 00000110 11111111
1101100010 00001100 11111111
1101100011 00010010 11111111
1101100100 00011000 11111111
1101100101 00011110 11111111
1101100110 00100100 11111111
1101100111 00101010 11111111
1101101000 00110000 11111111
1101101001 00110110 11111111
1101101010 00111100 11111111
1101101011 01000010 11111111
1101101100 01001000 11111111
1101101101 01001110 11111111
1101101110 01010100 11111111
1101101111 01011010 11111111
1101110000 00000000 11111111
1101110001 00000111 11111111
1101110010 00001110 11111111
1101110011 00010101 11111111
1101110100 00011100 11111111
1101110101 00100011 11111111
1101110110 00101010 11111111
1101110111 00110001 11111111
1101111000 00111000 11111111
1101111001 00111111 11111111
1101111010 01000110 11111111
1101111011 01001101 11111111
1101111100 01010100 11111111
1101111101 01011011 11111111
1101111110 01100010 11111111
1101111111 01101001 11111111
1110000000 00000000 11111111
1110000001 00001000 11111111
1110000010 00010000 11111111
1110000011 00011000 11111111
1110000100 00100000 11111111
1110000101 00101000 11111111
1110000110 00110000 11111111
1110000111 00111000 11111111
1110001000 01000000 11111111
1110001001 01001000 11111111
1110001010 01010000 11111111
1110001011 01011000 11111111
1110001100 01100000 11111111
1110001101 01101000 11111111
1110001110 01110000 11111111
1110001111 01111000 11111111
1110010000 00000000 11111111
1110010001 00001001 11111111
1110010010 00010010 11111111
1110010011 00011011 11111111
1110010100 00100100 11111111
1110010101 00101101 11111111
1110010110 00110110 11111111
1110010111 00111111 11111111
1110011000 01001000 11111111
1110011001 01010001 11111111
1110011010 01011010 11111111
1110011011 01100011 11111111
1110011100 01101100 11111111
1110011101 01110101 11111111
1110011110 01111110 11111111
1110011111 10000111 11111111
1110100000 00000000 11111111
1110100001 00001010 11111111
1110100010 00010100 11111111
1110100011 00011110 11111111
1110100100 00101000 11111111
1110100101 00110010 11111111
1110100110 00111100 11111111
1110100111 01000110 11111111
1110101000 01010000 11111111
1110101001 01011010 11111111
1110101010 01100100 11111111
1110101011 01101110 11111111
1110101100 01111000 11111111
1110101101 10000010 11111111
1110101110 10001100 11111111
1110101111 10010110 11111111
1110110000 00000000 11111111
1110110001 00001011 11111111
1110110010 00010110 11111111
1110110011 00100001 11111111
1110110100 00101100 11111111
1110110101 00110111 11111111
1110110110 01000010 11111111
1110110111 01001101 11111111
1110111000 01011000 11111111
1110111001 01100011 11111111
1110111010 01101110 11111111
1110111011 01111001 11111111
1110111100 10000100 11111111
1110111101 10001111 11111111
1110111110 10011010 11111111
1110111111 10100101 11111111
1111000000 00000000 11111111
1111000001 00001100 11111111
1111000010 00011000 11111111
1111000011 00100100 11111111
1111000100 00110000 11111111
1111000101 00111100 11111111
1111000110 01001000 11111111
1111000111 01010100 11111111
1111001000 01100000 11111111
1111001001 01101100 11111111
1111001010 01111000 11111111
1111001011 10000100 11111111
1111001100 10010000 11111111
1111001101 10011100 11111111
1111001110 10101000 11111111
1111001111 10110100 11111111
1111010000 00000000 11111111
1111010001 00001101 11111111
1111010010 00011010 11111111
1111010011 00100111 11111111
1111010100 00110100 11111111
1111010101 01000001 11111111
1111010110 01001110 11111111
1111010111 01011011 11111111
1111011000 01101000 11111111
1111011001 01110101 11111111
1111011010 10000010 11111111
1111011011 10001111 11111111
1111011100 10011100 11111111
1111011101 10101001 11111111
1111011110 10110110 11111111
1111011111 11000011 11111111
1111100000 00000000 11111111
1111100001 00001110 11111111
1111100010 00011100 11111111
1111100011 00101010 11111111
1111100100 00111000 11111111
1111100101 01000110 11111111
1111100110 01010100 11111111
1111100111 01100010 11111111
1111101000 01110000 11111111
1111101001 01111110 11111111
1111101010 10001100 11111111
1111101011 10011010 11111111
1111101100 10101000 11111111
1111101101 10110110 11111111
1111101110 11000100 11111111
1111101111 11010010 11111111
1111110000 00000000 11111111
1111110001 00001111 11111111
1111110010 00011110 11111111
1111110011 00101101 11111111
1111110100 00111100 11111111
1111110101 01001011 11111111
1111110110 01011010 11111111
1111110111 01101001 11111111
1111111000 01111000 11111111
1111111001 10000111 11111111
1111111010 10010110 11111111
1111111011 10100101 11111111
1111111100 10110100 11111111
1111111101 11000011 11111111
1111111110 11010010 11111111
1111111111 11100001 11111111
